1 0.777604 0.370773 0.333333 0.072795
1 0.779579 0.406386 0.337283 0.069022
1 0.781758 0.442529 0.335391 0.066308
1 0.780037 0.478439 0.338200 0.063128
1 0.783697 0.512648 0.339269 0.056545
1 0.780869 0.549303 0.336738 0.054856
1 0.779854 0.588828 0.340958 0.062031
1 0.784877 0.627679 0.344755 0.061608
1 0.782260 0.654801 0.342645 0.034602
1 0.213427 0.357923 0.320605 0.059595
1 0.211523 0.394871 0.326172 0.058492
1 0.210679 0.430679 0.324483 0.058233
1 0.208195 0.467420 0.325766 0.053591
1 0.199150 0.649856 0.332675 0.037212
1 0.198927 0.609904 0.332228 0.038558
1 0.202941 0.572187 0.330883 0.041248
1 0.204183 0.538102 0.327116 0.044955
1 0.209349 0.499518 0.328073 0.045911