1 0.332827 0.617548 0.075030 0.385095
1 0.299313 0.673318 0.045502 0.318511
1 0.735958 0.655269 0.143791 0.357413
1 0.890989 0.327991 0.144478 0.324733
1 0.857804 0.345536 0.149983 0.359822
1 0.830209 0.376315 0.147919 0.371380
1 0.763820 0.312229 0.143264 0.293208
1 0.775779 0.441679 0.167183 0.367733
1 0.763795 0.514429 0.168214 0.366358
1 0.718512 0.494288 0.162023 0.366702
1 0.664848 0.587794 0.054695 0.381837
1 0.060290 0.469862 0.120580 0.370973
1 0.185967 0.402946 0.128184 0.371517
1 0.154174 0.384468 0.127098 0.372061
1 0.204241 0.493028 0.130356 0.370431
1 0.220885 0.574278 0.129270 0.370431
1 0.236037 0.665810 0.118950 0.334745
1 0.110357 0.413069 0.123839 0.369888
1 0.316698 0.304299 0.049020 0.277348
1 0.354965 0.376806 0.038055 0.378613